SVM loading ... 
              precision    recall  f1-score   support

         0,5       0.43      0.71      0.53      5835
         1,0       0.29      0.06      0.10      4547
         1,5       0.24      0.01      0.02      3960
         2,0       0.29      0.32      0.31      8110
         2,5       0.30      0.15      0.20      8289
         3,0       0.31      0.38      0.34     13881
         3,5       0.29      0.18      0.22     14333
         4,0       0.33      0.57      0.42     18594
         4,5       0.26      0.03      0.05      9945
         5,0       0.46      0.62      0.53     12906

    accuracy                           0.35    100400
   macro avg       0.32      0.30      0.27    100400
weighted avg       0.33      0.35      0.31    100400

Accuracy: 0.35034860557768926
